%YAML:1.0
---
Tbc: !!opencv-matrix
   rows: 4
   cols: 4
   dt: f
   data: [ 7.81297497e-03, -4.27919859e-03, 9.99960363e-01,
       1.14389873e+00, -9.99859512e-01, -1.48680471e-02, 7.74856051e-03,
       -3.12718481e-01, 1.48342969e-02, -9.99880195e-01, -4.39476129e-03,
       7.26546049e-01, 0., 0., 0., 1. ]
