%YAML:1.0
---
Tbc: !!opencv-matrix
   rows: 4
   cols: 4
   dt: f
   data: [ 1., 0., 0., 5.52000012e-03, 0., 1., 0., -5.10000018e-03, 0.,
       0., 1., -1.17400000e-02, 0., 0., 0., 1. ]
