%YAML:1.0
Tcb: !!opencv-matrix
   rows: 4
   cols: 4
   dt: f
   data: [0.00831786, -0.99986465, 0.01419069, -0.32921577,
         0.0127777, -0.01408374, -0.99981924, 0.71158135,
        0.99988377, 0.00849768, 0.01265882, -1.08978265,
         0.0, 0.0, 0.0, 1.0]

Tbc: !!opencv-matrix
   rows: 4
   cols: 4
   dt: f
   data: [ 8.31786077e-03, 1.27776945e-02, 9.99883831e-01,
       1.08330190e+00, -9.99864817e-01, -1.40837459e-02, 8.49768054e-03,
       -3.09888870e-01, 1.41906841e-02, -9.99819100e-01, 1.26588233e-02,
       7.29919732e-01, 0., 0., 0., 1. ]
