%YAML:1.0
---
Tbc: !!opencv-matrix
   rows: 4
   cols: 4
   dt: d
   data: [ 7.8129750348768547e-03, -4.2791989372780196e-03,
       9.9996032883078845e-01, 1.1438987057554280e+00,
       -9.9985947188909985e-01, -1.4868047055429694e-02,
       7.7485602746780458e-03, -3.1271847125070873e-01,
       1.4834296219918341e-02, -9.9988022575699942e-01,
       -4.3947615013729931e-03, 7.2654604549397850e-01, 0., 0., 0., 1. ]
